8992
1340
7917
5755
3607
1131
9729
0426
5888
6389
0291
5658
6962
4089
5312
1652
4367
4796
3761
5100
4828
2837
7119
1965
7045
7973
3940
5594
1826
7137
4256
5595
5398
5501
7323
9465
4098
7919
2658
0148
6955
2380
3392
3191
4564
0841
2658
7017
9629
4856
7195
7447
4019
7277
6821
8809
1019
2759
7120
4194
3672
0894
4078
1580
2736
5842
1265
9994
8038
5170
1512
3587
2540
4528
2855
6505
9231
6130
5234
4407
2035
2510
9831
6392
3292
1788
0384
8284
0767
6623
4131
9115
9242
9368
2202
8487
2008
7565
8577
3505
3103
7155
8742
3208
3657
8047
3239
8978
1661
7412
0629
4859
9301
1711
6008
2088
2039
2986
4669
1803
5393
5288
7649
8768
7116
3500
1134
9653
1893
2323
8257
6714
5220
4145
4251
7244
6154
4056
8192
3948
7479
0962
3916
2170
8783
5586
2610
4588
1718
9623
7104
6296
0716
3769
5421
4817
9530
3031
5263
7362
0262
0938
4356
4187
0234
5556
9581
6757
2954
9696
1065
1608
5156
5785
2377
0937
8401
7414
5818
2429
6473
6399
0854
4254
9857
0732
4367
1241
0318
8331
8198
6062
4133
0068
3840
2954
0163
5658
1835
5957
4528
5542
5704
1286
9523
1570
5141
4970
4928
7571
8111
8293
3229
4016
3139
3337
0566
2895
3112
5974
9597
8612
2879
3921
7098
0735
9437
3675
0562
4815
9702
8031
8875
0169
2230
4616
2560
1034
2373
4113
5463
6435
4964
2734
4446
6053
6503
5821
1782
1121
6836
6295
3427
9321
8171
3581
9878
6390
8340
3116
1843
6341
1431
7503
3420
5606
2925
5385
0554
0180
3271
7740
0430
2799
3089
4056
6815
8365
2203
3239
4290
6732
6591
0105
5250
2305
1160
4220
2300
2972
2656
8865
6437
0424
0729
0303
7446
5655
7212
3166
3763
8908
3168
1322
8319
9014
6208
0002
8068
1827
6308
9657
6613
1707
7279
9699
7964
2870
0683
3712
7031
0119
5991
1735
5330
2713
0657
0483
5753
3255
4413
1329
1700
9042
9026
0742
7694
8828
2287
3143
2566
5146
8617
7179
5721
6075
9206
5510
6481
6016
8390
3207
6991
8824
0490
8647
7868
4725
0542
4047
4170
0468
8216
0399
0748
5418
2300
6450
9777
9108
7761
7356
0161
1029
8334
5582
7722
7100
8911
7351
0055
8255
9019
2391
4201
6735
2700
8901
5406
6410
5439
9115
3126
9835
5445
0744
2304
4109
9767
2071
0885
7501
6761
8785
7432
1130
8327
9104
6423
4337
0045
6196
2974
3411
4772
1420
9710
3545
9629
2626
8001
2968
0013
1067
1193
5454
8709
8126
5181
3157
5106
5347
5696
9366
1870
9945
2430
4955
8801
2095
5150
6581
9656
2699
2099
0301
3760
2542
4236
9224
6272
7402
5742
8946
3067
4145
3530
8608
5912
7165
1996
1780
1321
4622
3074
1116
5056
1143
6534
2747
3243
9889
1862
7059
0895
1745
9259
9924
0140
8294
2146
0298
9822
6624
0839
0760
1670
5845
2922
1919
3274
0784
9566
9355
1598
6983
3472
3922
5411
4780
3052
1543
4207
9314
5240
2196
3449
4860
1575
4238
4684
0156
8660
8970
0729
9067
6019
1223
1545
6934
3971
3173
3825
4124
0428
2140
8472
2554
1844
0479
0037
3592
6599
8741
9343
6524
4205
6415
8881
9229
0550
1351
7031
5309
0044
9160
4365
4147
9381
2105
1341
8114
2290
9382
6534
6553
5170
7771
1192
2381
2835
5519
2272
7480
8067
4074
7292
8257
4175
2179
2597
1027
5116
1266
3549
9622
4585
9522
2924
5112
3559
7504
6351
8596
4738
2667
2705
4196
5891
6063
4690
6791
5267
2385
7795
3900
4847
1249
3837
6235
6964
5922
9100
8293
7650
5070
6970
1081
3023
8852
1200
2848
7612
3001
0682
3822
5476
5749
4442
0275
8914
8424
5135
2222
3028
0982
8142
2419
4044
8677
5214
9449
9956
3811
2112
5690
6445
5891
9806
0482
1734
5012
4992
6677
5650
2926
0018
2354
8740
9187
5108
1657
7228
2734
0431
6929
4951
7975
1252
0583
5093
8562
9244
7262
0621
3079
8433
5637
8391
5744
7525
6699
4203
3860
2022
5229
2489
4756
7598
3687
8723
7288
6282
9693
7988
0240
3607
6344
5177
6460
6233
9185
5988
3568
0269
7197
8971
9609
3452
1019
8690
1236
6652
5361
2707
2489
3742
4949
6097
8949
4621
4806
1546
2359
2576
4494
4550
2664
2984
4062
9247
0120
4089
1664
7793
4752
0196
6839
4262
9746
3159
4093
0545
2806
9926
7282
7526
1042
1081
1331
2109
3264
9640
9246
5831
7830
6421
2928
8464
4536
3305
0117
3772
3410
2627
2659
2055
5171
5200
9525
5308
7801
6451
4803
0267
5505
6259
0019
9110
9191
6240
6895
2731
2935
0329
3290
3944
1122
2582
7968
7778
0218
0154
8284
3900
7611
9187
3700
0809
5156
3398
6570
3643
9549
3078
5792
8313
2337
1827
1096
1102
3651
2445
5878
0205
7639
7432
3858
4740
8920
9296
6068
6182
0083
3142
5627
7379
3762
5919
7095
1892
5206
7478
8730
2429
8776
2480
8656
6407
8495
8578
0568
2542
9603
8553
4185
5791
2019
6158
2129
5824
4386
5086
7542
5618
6343
8698
8357
8317
5454
9538
0417
0680
7702
1739
3779
4587
0048
1821
6862
5810
0537
1534
0829
5691
8439
1678
7849
2846
5738
9651
6337
3794
8542
8598
2602
6053
5917
7291
3592
3055
3021
3831
3581
5886
1323
6945
6118
1855
3628
8400
9964
9671
0040
2221
6945
5696
2101
1590
2096
7550
2189
7563
4181
9904
4483
6129
2690
1786
3930
1620
9790
2435
5543
5809
2901
8013
3643
7213
5189
6058
3375
9210
6902
3667
3886
1020
4564
4966
4240
3438
0795
0384
2816
6724
1267
5400
6992
1200
5982
2627
9846
6212
8567
5150
7302
2263
7811
8918
9448
8385
4115
3884
6096
0640
3276
8874
9342
4787
4525
9078
0171
3727
1454
8210
2874
1650
8183
2592
0236
7763
7322
9959
8607
2496
8971
8980
1329
5864
6479
4859
0089
9445
9406
6231
4350
6449
8595
4113
0035
7081
7782
7568
5829
7371
1900
8352
7176
9041
5214
5878
7722
4727
1346
9135
2727
2292
0462
8447
3764
4760
4999
1657
1227
4083
0253
4332
7010
5397
5927
1454
9664
9710
9067
1136
9107
1499
8532
8592
7893
0401
7331
3260
5642
9103
6654
9588
0934
6748
0650
8761
2727
7669
5609
0670
0716
1127
1187
9904
5301
5708
6243
6098
5736
3034
2856
7661
8149
3741
5397
7275
8062
0548
1704
3646
0556
9307
8369
8878
9824
9288
8779
3563
2321
7528
8592
9861
4964
5221
5890
8056
0953
1648
4921
6552
1838
7395
4651
2824
5771
3359
5943
9607
7771
0563
9080
5154
9264
9531
3012
3074
1647
8130
4082
0967
7966
1840
5736
9806
5269
9796
7849
5468
0182
1150
4347
4084
6529
5299
0736
2230
5697
1619
5380
8229
4871
6186
1257
9764
0597
1196
2896
2632
4422
9492
4012
2380
4885
2924
7890
6759
7164
5801
8372
1800
8238
0624
6103
3433
6426
6572
2299
7207
4188
0975
5970
8554
8860
1014
7292
2652
2594
6745
9598
4927
4220
2927
6273
5719
6909
3918
9481
5362
2752
7212
4673
0015
1926
9415
2812
4712
2648
0493
6353
6789
1476
0446
3548
3223
0553
2649
2615
8051
5300
3425
9039
9444
0706
7155
8778
1163
0016
9223
6350
2546
8030
8510
8521
7667
3242
6017
9859
5814
8386
6507
1219
9664
2007
9076
5175
3804
0466
9576
0211
5826
3812
9980
5161
4952
2930
2823
9909
0954
2739
4291
3878
3997
7704
9874
4105
9191
1617
2337
7769
1890
9998
5682
7638
3068
9889
7851
1132
6128
5291
8981
4936
7495
5358
0059
4820
4956
9314
7279
3885
2906
8726
3664
6644
0627
4302
5843
6465
5774
4814
1933
1125
0439
6287
9396
7154
0311
8293
4511
3609
2732
3031
7566
6757
1145
9769
5906
9457
0163
4041
3997
1965
5153
6486
8097
8253
0669
2487
9824
6247
4022
5599
3345
9782
1212
5782
8051
4324
0314
2021
6315
7632
7050
5874
4687
7460
1214
7250
6278
4447
4674
8453
1223
0045
6478
6044
5343
1596
5413
2811
0179
5127
3914
7902
3995
7904
9949
3073
8199
9227
9623
0968
7258
8778
6707
2682
2298
9155
1348
9073
6052
3639
7177
2074
1486
2099
4626
7261
2629
2231
1178
3750
6065
5092
7334
7558
5809
1044
1470
1505
7057
1066
5308
3562
4552
8842
8510
0636
9742
1653
1718
7862
7623
4202
0120
6644
9165
1171
2131
9176
5711
0053
2882
2819
7507
7488
3585
7484
6908
5956
5470
6294
1401
3179
6988
4472
7983
3844
6211
9449
3662
4293
3025
0962
7303
3580
4893
1541
1641
7653
7672
5162
6148
7399
6287
8182
4804
7425
7210
8274
4285
9083
7185
7073
4545
9298
9815
6928
5297
9285
2814
5959
6998
5514
4809
5538
2531
4674
9513
4834
9794
8687
9735
7932
8680
4245
3157
7947
9581
1739
3530
3093
6086
1248
0664
4205
5473
1075
6330
7677
2194
0482
7108
6620
9845
7565
4594
6609
9980
6430
0973
7816
8104
0914
5013
9579
1083
2248
7932
1146
7508
6372
2584
3354
2172
9663
2138
9338
7295
5956
2073
3139
7723
5375
3382
6591
3709
8743
4030
8281
4898
2179
8535
1554
8942
7984
3103
8894
0038
4714
4168
4929
0098
3176
0714
8715
8470
9382
2487
5144
2286
6701
3347
7657
5629
5982
5508
7389
3227
3558
1345
5103
0661
8837
7921
6630
5264
0661
5829
3905
7065
1940
6537
4291
6201
4057
2122
6910
8346
0174
3306
7450
0422
0036
5357
5824
0325
1701
5972
7671
6813
4929
1445
0219
3832
5581
5563
6776
5597
6896
8516
3140
6073
8734
0110
0126
4593
8403
0683
2962
1096
7476
3096
0987
0068
5709
7945
7559
7245
6500
7329
7062
8089
2698
5258
5859
8290
5002
7697
8537
8991
0234
6932
2787
6479
3213
6663
2847
9250
4755
4844
2337
9484
6617
5802
9883
5351
3875
9581
6795
5244
5519
6901
1002
7665
8942
5935
5337
0800
9041
4703
2002
5122
2196
9011
1444
8211
9818
0638
5784
8603
8388
1783
7584
1975
7461
1205
3676
0277
8830
9524
7187
6222
0607
1328
1723
3088
7089
6690
1787
6227
9824
6872
7313
2345
3789
8251
5410
0025
6978
7885
8859
1218
5272
9401
1896
9202
9390
6197
8784
5857
6946
1188
8162
1737
1597
0996
2729
7599
8379
5532
5391
8559
9010
0250
4897
1206
8296
5814
4882
1944
9834
8586
0563
6107
7465
9815
8519
6867
2294
4309
7171
2648
2132
5578
4681
5570
7926
3221
7820
1306
1140
7817
6030
1295
1972
8817
7123
8070
1762
7696
7267
4783
9135
5145
1571
0045
3841
8784
4071
8943
2772
3099
6737
9627
7249
3738
8934
9041
5275
6109
9219
1569
3349
8893
4780
9719
9352
2917
0052
3411
4724
2249
5816
9533
2670
3431
5883
9056
2325
8170
6615
8338
4362
2424
5331
0093
0965
8730
0234
6827
0324
4345
0612
2879
9898
5959
0545
8088
6242
6163
0148
5668
1696
3943
4157
5951
0192
8998
5619
1330
2163
9545
9322
1498
1474
2702
5967
0428
6351
2866
8057
4558
8392
5370
7760
2351
2528
2032
0198
3212
0848
5119
4601
9545
8753
0078
6604
2457
4188
1204
8860
0839
7901
2348
8561
3291
0217
5147
4040
5220
9818
6902
5845
5589
6199
0310
7073
1041
4616
8595
5725
8280
5411
5067
2188
2850
2333
4703
0014
0922
6633
8179
8135
0211
5857
1899
1416
1952
7723
4751
7039
4675
3646
3448
9300
7234
4185
2518
8229
6519
3337
2687
0566
9611
8730
3749
5833
2110
8622
6305
8192
2038
3892
2440
1418
9235
2760
9413
3681
6153
1199
7033
8341
8334
0310
5727
3716
6302
7177
1700
0495
4277
3960
5357
2944
6171
5539
1624
6540
5369
3825
5613
2946
8189
4314
7096
4507
1299
6011
6782
9597
8937
9118
4789
6630
1280
4423
2202
2634
7531
4806
8521
1648
1082
2914
2544
4953
9819
5795
2572
4286
1060
9507
7674
3276
4865
3027
2007
2872
6564
9116
4202
6083
9826
6682
1935
5716
7618
1637
4471
6138
0716
4620
0318
7789
1142
3416
6875
7775
6691
6779
2221
9818
8020
7278
1965
5770
4050
3819
7998
4323
3527
9025
8107
5615
6603
2184
0349
1661
2750
8832
3744
7106
4740
5201
4051
3900
0113
9835
0019
4630
3476
3576
8058
4511
1518
5390
7142
0535
9229
2891
3960
7011
4699
3962
1559
7724
1878
6249
1957
7313
9604
4016
1748
2805
3974
9983
6426
1728
2916
7895
8544
4478
4399
5725
6112
7232
9725
6066
8955
8688
6543
7961
1740
9691
0967
6727
4993
9064
3190
9547
1130
2129
3333
5982
7091
6045
2438
5585
0361
3893
7872
7733
5001
2900
0632
3934
2610
9521
9826
7359
3787
1271
5460
0795
3770
2840
2372
0886
5786
6389
8003
8607
1696
5238
7357
4535
2723
3023
5189
5175
5382
8614
9174
4211
5261
1983
7259
8545
3440
9311
3813
5528
8008
2324
2136
9347
9320
0416
5017
5820
1831
5897
0065
2327
3659
5373
3085
8921
3447
8515
8403
8631
0588
5390
3127
0617
5009
1201
3121
7791
2513
2200
5525
5805
7513
9756
1622
3884
2793
0318
0509
6910
8903
9725
5936
4354
5642
9938
1591
9767
1632
0720
7584
7723
0131
2530
0811
4909
1390
5662
1414
3176
9098
4060
1453
3322
3839
7470
8048
6656
3220
1859
5184
9026
5347
0143
3280
9212
2030
2555
3340
2044
7035
5012
8342
4045
5535
6799
5419
5319
8167
0425
8647
5628
5889
7756
5940
1568
8852
5086
9994
3738
1251
4495
0603
6961
8311
5400
1560
0780
9025
0480
5121
3416
0825
6966
1318
3129
7861
1921
8812
2455
4240
2959
8369
5566
3567
4115
1282
5111
9928
5807
4201
8490
7625
6989
1317
0519
1356
5223
4356
3283
3834
0836
7892
0675
4944
3706
4338
1620
3276
3553
3949
0830
3202
2962
4110
1892
2893
3964
7032
8691
3828
9401
1987
1195
4136
2140
1516
3115
0329
8231
1494
5750
9170
6622
0812
0703
6592
0382
4392
8602
3248
4462
7029
8203
6834
2170
9678
8947
3919
6031
2451
5866
9764
9299
6936
2821
9002
2399
9972
2221
3301
2145
4880
6580
9769
7667
9305
4044
9071
6837
6077
2938
8485
0600
7468
9349
7920
6844
0538
4464
2190
4347
0603
0519
1329
3546
0849
9279
2540
3077
9979
8849
8322
3887
8955
7795
6622
3229
2280
3516
7710
4679
3649
8498
0596
8373
9926
5994
5044
2532
7941
9733
1615
3469
5657
7491
8798
1059
5905
4014
9509
5251
4041
7653
7297
3045
4314
6423
8201
7209
6888
1904
8987
8619
2722
9248
8562
2982
4686
3716
7703
4752
8589
9311
7339
4647
4893
9279
2619
3495
3417
3534
7016
2616
3036
4031
2048
8980
0119
1719
8829
9144
5313
7307
7520
0797
7001
6024
8604
5291
0676
3063
1503
2988
2946
3599
5594
1498
7065
8704
2191
6794
4763
0011
4274
6330
6826
6876
6868
6503
9657
4902
9745
3619
7917
8406
4974
5537
0707
3216
9193
4307
9323
6310
3616
0324
4061
1405
5997
2821
0956
1460
8546
8516
6701
0589
6452
2669
6413
2771
5089
4004
9690
9071
7505
7161
6000
2226
8219
6230
7646
4001
5107
3276
6645
1804
4228
2958
1272
6697
1459
8655
7101
1308
1209
8808
2399
6727
5432
5051
4286
0900
7320
4895
4791
7377
3132
4252
6393
6037
5694
2698
5570
5621
2654
4711
9010
3622
2760
4783
1340
2971
3177
9682
4364
5368
2352
6331
4153
7254
9858
8716
1927
2649
7111
0904
9537
7420
4460
4979
4932
7330
6796
9362
6285
4628
6686
3753
7546
0923
2330
8337
6611
2726
1038
8498
7450
5418
2912
8622
1842
3831
6107
1855
1452
3649
2838
8809
7618
0724
0494
3360
7020
6798
2655
9079
2035
0400
9291
2624
0993
0017
9197
5809
5479
6932
1176
2965
4338
0488
0275
0807
1791
7813
0213
5401
6155
2453
1932
3531
1048
9974
3538
7016
5841
7489
0046
0858
6843
1767
3214
2774
2054
9963
9741
2753
5086
7510
0033
5569
2365
0341
0750
0047
2806
0781
7143
3751
2137
3289
8063
6381
2265
8292
8716
5016
7475
0024
6815
6353
4953
9429
0579
4236
2821
7228
9230
0902
1423
4514
1052
1617
6307
4743
7662
1674
0658
0917
8049
6234
9993
5446
2732
2805
4424
5183
1657
2187
4056
1774
5381
9850
4683
2353
1645
0098
9065
7694
4794
2219
7261
9118
5272
0419
2227
9242
3105
2634
6389
1464
1640
5879
9108
1058
9437
7492
9117
9797
6485
4030
7697
2154
0163
3846
2678
5623
4031
5940
8256
5418
4299
5434
2107
6731
4457
7213
7984
0508
5830
8392
0849
3974
0013
3950
2951
9891
0205
8274
0955
5024
6324
7551
5846
2517
3323
8938
9148
4101
3714
3982
7432
2372
4762
8543
0103
7036
8158
3430
3965
2939
9683
8769
7330
1748
6840
2895
6191
2468
1634
8329
6720
5280
6712
5894
4444
5115
0024
3218
3175
8199
4524
0641
1362
5619
9377
6775
0459
9970
7615
1357
9413
1541
4632
4270
8842
7136
7502
5560
1168
0755
6023
7117
0662
8110
0558
4631
9085
7592
8083
0835
3222
3095
1564
0290
5600
3300
5435
2056
1744
3404
6813
1731
7225
3145
8670
1574
0806
1658
3480
2088
3358
7356
1923
7361
1227
0278
3198
7013
8864
3542
2243
0803
4111
9845
7235
1958
0207
7440
1224
1617
7422
4936
3136
2880
8566
5246
7934
6753
3212
3079
6497
5942
6116
0919
9856
0857
5680
6052
8570
6979
1982
3453
0926
4265
5402
6296
2997
8977
3774
4128
9444
2336
5757
4725
9991
4244
4298
5352
8564
7552
7124
7773
5463
9820
6888
7172
6456
7508
6949
7943
7055
6659
4577
0155
3104
2185
6832
8966
7479
2050
7193
8404
7591
2140
4944
1978
0064
0861
7094
4652
0648
5090
0609
5010
7702
9987
3092
4902
0327
4162
2031
3638
6899
7782
1090
0538
3570
8797
0466
1888
3678
0127
4441
2457
5115
4721
5363
8469
6334
1460
2490
5813
0287
1412
1620
5811
1386
8665
7737
7295
1448
1000
9988
4672
3169
0426
8053
0727
0044
0597
3903
0447
2174
4209
9714
9331
8193
5411
3952
0921
8202
3063
6911
9073
1225
8263
7960
3829
4095
8948
3817
6993
7938
0886
6327
7231
8753
3751
5428
2062
6492
5625
1452
1798
4912
5651
8924
9892
8637
9472
1267
0944
9523
6264
5429
2870
6547
1704
1721
3773
4220
0935
5257
7828
1878
4421
6367
0043
4525
0559
8612
0579
1594
8621
5562
8813
3101
9757
9867
8353
8367
4936
9498
5036
0371
5839
1778
3706
6374
2576
2725
4842
2948
2765
1572
1597
3915
1456
2022
7490
4788
7223
7577
2268
2001
0652
1581
2327
7539
8577
3979
5452
3568
7388
0025
4239
0339
7898
5013
1330
5238
3955
9839
2639
0544
6100
4483
2196
1211
5548
8586
2484
4784
9721
9114
4808
3925
3217
3336
6002
4862
2197
4463
1756
3740
6158
8872
1696
1714
0883
8694
3683
5138
7586
9112
9241
1444
9972
7539
4152
1247
6115
1126
9143
8171
6829
5212
8021
2178
5524
9215
1865
6571
8234
7623
6980
3118
6840
5281
6115
2661
0086
3794
0706
9062
1163
8445
2817
1070
2894
9220
8971
6092
1576
8170
3946
5210
8119
9903
2605
3840
4548
5052
4591
5736
1243
6985
0857
9233
7242
8745
6812
5660
6977
3144
0425
6675
9431
2900
5659
1657
0527
5140
3839
4091
2471
6946
3918
6466
5633
9961
9183
7580
2282
6828
0234
0687
4158
4364
0826
9851
2779
3006
9992
4935
8107
7060
6938
1151
3424
6725
7882
1454
3633
2415
4138
3893
8479
9686
8091
3914
5744
5850
4278
0186
7223
8674
3561
1904
4722
8259
8060
0743
1246
5558
0994
1482
2518
3037
0060
5547
9744
6244
4676
4222
8094
2139
8642
9161
9800
7730
7199
9863
8301
8329
7076
2772
1873
0595
5549
2616
7078
4135
7904
9774
0448
4763
0340
5034
4739
7074
6998
7466
4929
0150
5048
1516
1172
6612
6988
2451
8802
2199
5541
2506
2010
0362
9727
5914
5328
1653
2054
5144
7014
5950
9258
0833
3386
3466
2917
2790
7882
6085
9031
8881
9376
4968
1680
7130
3972
1548
7835
2293
3655
7032
8813
8171
1288
6634
0816
5956
5519
6214
3116
3194
1555
3864
1615
3049
8080
8159
2135
0675
3167
7339
6512
2226
4555
0743
0184
4474
1581
3031
4656
2335
3155
1546
6208
3063
7500
8948
4151
0322
2922
2371
9931
1162
8573
9695
0817
2839
0095
1062
7029
0674
4470
7079
9182
1607
9876
5866
5383
8544
2284
0222
6787
1831
2508
9863
0605
6899
9359
3632
0108
9953
8661
3853
1098
2901
6914
9415
5914
5095
5612
0031
1009
2436
2538
5390
9968
9089
7150
8352
2283
0121
8153
7340
2936
7123
5830
2858
4630
4518
8348
8612
0959
4061
0890
3764
4567
2343
1589
1660
2058
6514
7510
1239
6368
5134
7345
4757
8737
5615
8342
2362
5958
4144
5026
8734
9549
0687
0738
2470
7165
5559
3204
3299
3969
6021
4792
5830
6259
6049
9489
4265
5257
0251
3896
9960
7207
5804
2994
3605
1598
6069
0743
0436
9764
8659
8860
9145
5567
9638
4511
2504
0777
0355
8937
6489
8357
5520
7276
8002
9183
2264
5493
9068
9419
8621
8068
5693
8990
0265
6627
0381
1819
0389
4997
2111
2382
9575
4260
8168
0394
1315
7168
1366
9728
6737
3437
7662
8629
1796
3416
3200
5974
0051
5089
0631
9690
9227
1239
2242
1810
7042
1190
2118
5099
2233
4219
2029
4209
5368
0460
6554
3042
5979
4300
5326
8763
7631
5055
5634
6352
0410
0863
7858
4992
8411
3894
1511
6476
0017
5587
9739
4007
9215
5677
3809
8505
2270
3686
1816
3366
8109
7881
0470
5374
1051
2331
6801
6579
0211
9202
2411
5556
7790
0040
3096
8739
7868
6783
0585
4184
7896
8918
4634
3399
1214
8425
3133
2756
2623
2862
9818
3958
2586
6350
1953
0954
0217
7155
6715
1807
5614
8964
9490
7321
1027
1135
0600
8399
5938
2094
3904
5066
2091
2554
1055
7846
0633
5315
2799
9074
7294
1397
5836
1193
3558
3512
5606
6093
9371
6711
2589
6720
7322
3969
6177
1626
1879
4704
4798
9058
1870
1384
4481
1109
4340
3158
6205
8699
9059
5159
2208
9131
2240
5059
5801
9647
8122
9488
4480
6685
9595
8957
0963
9253
8253
0742
8306
4493
0272
9774
1262
2464
7130
6998
2239
5211
9350
1057
2148
8329
9060
3948
8357
5042
1936
8701
4370
0958
6684
3907
6546
1965
6524
3355
0138
6581
6163
0500
3620
8109
4017
0541
4925
7215
1863
1198
1959
8621
7537
5653
6033
5687
2234
4074
9779
5838
2016
5556
7586
8934
0442
7247
4913
6639
9756
5679
0720
6884
3089
1651
3780
0829
2988
9840
9085
3946
4159
5835
2405
2604
2301
3696
2460
5010
2779
5165
8614
9501
4479
8397
0036
8578
8692
2718
1929
9290
0061
4464
6581
7155
5901
0393
4409
1673
8331
0461
5971
2415
7098
4258
3679
7162
1668
1533
0109
6056
8814
9076
4797
5775
5707
8091
1305
7018
9850
9396
6861
6818
3922
6567
1135
1770
7899
8450
7473
2629
0671
7700
4203
4657
2671
6403
6868
7388
5529
6289
4715
9086
1500
1080
6052
5781
9728
1710
8853
0013
6752
9586
2112
2477
6535
6416
0925
8567
0203
1177
3336
1606
2922
8398
2776
0571
7091
3705
3103
8167
7968
6647
1469
8396
3128
0288
4525
0479
8136
9911
3453
5925
3749
8953
9074
6381
6429
4992
2418
3807
4895
3757
3520
5728
5016
3569
9885
1176
7994
6343
5639
5785
7978
1409
2528
6168
2486
2622
0971
6194
3807
9294
8467
3029
6954
3504
0514
5528
3691
7297
0509
6821
1500
7961
0770
5363
6951
7935
8224
2166
7938
8632
7042
8428
1895
1221
7305
3064
0325
6600
6299
1494
7580
8573
7760
9495
3321
9151
5771
0034
0672
7474
4894
2961
4621
1023
5968
4168
3556
6651
7191
8883
6106
4262
6237
9102
4297
6587
8136
8948
5676
9622
5570
5652
1791
7973
2904
2500
2966
2577
0748
3692
3061
1427
1424
7136
0802
2556
5289
4674
3861
2062
0374
7098
4360
6175
4404
3244
0439
0572
9534
2738
3456
8744
4875
9308
4166
4387
5958
1982
2875
3957
2077
8275
9477
9764
4612
9773
0302
3555
6485
4872
5367
3685
3238
8785
1580
6797
3404
9486
8015
6005
9084
5148
6132
6839
1864
3234
9466
5838
6674
3492
2027
9364
5663
1491
6024
2896
4229
7903
1305
5551
3276
6588
4715
9934
3862
8462
6508
3348
6541
7942
7512
4224
6923
8478
8980
6952
0517
8604
9132
0529
2288
8352
3810
7448
9172
3094
6429
7145
5435
3436
3144
3335
0289
5678
4721
1509
3286
7513
1557
6287
7963
1554
4836
6040
3194
1428
5877
2132
8778
5032
2945
7111
4540
5026
8458
7972
0944
3410
1753
4590
0381
8075
3860
9082
3424
2289
5832
5818
7819
2010
6943
2620
4345
3164
0717
2760
2444
7337
4970
9622
6425
1139
6583
4816
7070
4269
0627
4180
3779
1367
9070
0926
9149
6442
0703
2660
2119
8100
3079
6654
5955
0182
9806
4756
2734
9152
8540
9400
3072
5546
3382
9076
2047
1820
4572
3936
9273
4424
6976
9757
6256
1755
1202
1348
7800
7813
2611
2048
5810
0408
0194
1898
9556
1377
4342
2293
7867
2109
9863
0367
7525
6214
4473
4962
9847
3098
3239
7197
2742
7728
5942
9490
5004
1539
6695
7158
5659
3695
5500
5169
5668
1094
2483
4545
7325
4361
5810
0090
5095
5609
2917
7579
0421
5145
0935
4818
8364
8211
3163
9191
1020
9651
9684
1092
9026
0890
9967
2835
1868
1443
7153
9888
7964
2180
7299
2494
4245
4031
8057
5274
3166
2759
6110
7738
1265
1540
7602
1795
3324
1146
0883
8371
2013
0200
8070
9638
5019
1417
8354
1541
9373
0093
1170
7028
1909
1282
5083
3968
8314
5911
3404
7988
6711
9858
3709
2022
7410
7619
4043
3506
0285
9812
7467
7334
4271
6791
4940
1596
1332
9625
6394
4063
5361
6407
3289
3527
6653
5802
3009
5805
4548
3629
9522
9716
9002
6013
2556
1469
8679
8342
6114
2315
0641
3559
7436
2099
1826
4574
1567
1612
1316
9520
5570
0787
4946
9574
1561
6905
9817
3486
1888
6583
0109
8030
0967
3198
4968
4926
8300
4562
0929
7492
1180
2549
7520
0227
3453
2487
7327
8390
0480
4375
5624
1684
9929
1776
6801
4792
7695
8943
6884
3539
2584
9694
0681
0642
1564
9663
5883
7490
8758
8654
3513
4019
8412
2297
6015
6872
9467
4932
0848
5352
3281
0560
8043
4258
4604
7991
9240
7033
3116
5795
7727
1807
0969
0660
5467
5973
3771
9413
7744
9891
5543
6787
7330
1367
2562
3244
8195
3914
2677
2981
3444
9836
5057
2476
1840
2386
1152
3163
8059
6941
5354
7072
5108
6019
5743
1502
7183
5189
2988
4684
7882
3792
0956
4249
7166
5713
1573
2621
9848
8876
8706
8995
9986
2349
6769
7191
9380
8085
9649
9764
9467
1731
6673
4912
1605
8276
9141
2188
2503
9481
7741
4341
3763
7992
5732
3748
3154
3691
4438
1529
1365
7897
1116
8888
4453
7811
0412
4308
2984
7791
6793
4758
6676
4067
5676
6612
3481
6763
1289
3524
8166
1196
8105
2426
5646
7575
0104
3826
0166
3218
6087
1906
4797
0139
6090
1233
8433
6531
4180
4827
5520
1133
4135
3355
3703
9089
3958
2482
4790
1591
4317
5881
5715
3257
0760
6102
3353
2689
3629
4480
3382
0884
6570
3697
2978
6381
5451
2322
7917
2252
9292
3748
5264
0814
5778
9376
6640
7245
4768
2247
2365
3145
1216
7282
2081
8482
1829
9119
0824
8815
2626
5175
0629
8815
4117
3011
6673
6272
1439
7916
0050
9928
5574
6088
6230
2831
3521
8749
9206
5809
1354
0474
3835
6341
7008
9987
2862
2559
3131
9744
6447
6697
9918
9061
1361
9202
2626
3406
3861
8039
4147
7397
9901
6342
1457
1886
2439
1344
9585
3008
6610
9398
7831
9135
5424
4501
4676
4936
6934
6140
1529
7192
3061
3269
8631
5527
3450
6211
5906
7679
1581
6652
2166
8471
4696
7012
6384
7337
2471
5091
3116
2119
3112
4810
3953
5689
0195
5849
4284
7651
3392
1576
0529
9404
9930
7294
9980
9995
1224
8422
4692
3604
2781
1109
6217
4460
0852
3022
3436
8782
9186
7458
8220
7701
1135
9580
4563
1245
1895
5337
0821
8667
5883
2575
2330
6053
4728
9870
1878
1488
2783
5372
1628
0167
7637
0139
7968
8621
1152
2913
3038
8012
5307
8864
1172
9064
7943
7827
2415
4549
0807
0072
7644
8141
3393
7834
9099
5787
3442
2091
5660
6862
1648
8728
0892
2161
4638
6021
1232
6087
5217
2787
6976
4114
2859
2788
2054
4605
8532
7291
1254
9929
0837
8265
4132
3704
0674
3969
4206
8330
3124
2716
5878
3753
7078
9045
7717
0371
2844
8856
2419
4925
4899
5231
0580
3376
9869
1653
0657
3264
1303
6937
8144
1742
3667
3100
2979
6641
5236
8737
0946
2465
5638
6273
4114
7707
0136
4059
4776
4693
4727
1105
2673
0039
2854
4963
3431
5708
1128
3453
0739
2487
9533
1211
8861
3009
5498
0174
6793
7275
2943
0517
7182
3114
5439
1115
9830
4513
1904
6166
3156
9749
1521
6161
3444
9546
3804
6051
0378
1189
7932
9537
0739
8972
1544
4220
3674
5409
5105
4130
5957
3758
7261
7297
6129
6670
4771
2093
2411
1753
9660
1561
0944
4343
2753
5468
1820
9281
1608
7388
8700
7541
1558
6170
0228
9611
3436
8153
1784
3520
4775
7470
2798
3136
2849
9800
7570
1172
0108
1388
2567
2705
7685
7782
1121
7370
4090
7975
2075
0432
4414
1599
2930
4913
5501
0837
1851
3741
4689
8571
2074
1599
7084
1804
6466
5727
8961
0008
3374
7523
5555
2669
9741
3344
6061
8033
7830
4538
2067
0273
3616
1076
2750
5441
8548
0919
3787
0177
4285
6837
6714
8240
4352
8299
1914
5798
8175
6576
4599
1045
7980
2082
9374
9924
7560
7486
8100
8082
7870
7732
1883
4661
7227
3563
6366
5894
1204
5288
1338
2811
5413
1441
6205
4213
6805
4689
1298
9293
7652
2965
4668
5634
2024
6820
2816
7937
5858
6069
7490
3506
7998
9191
7879
8419
1681
9151
4737
2724
3063
7147
3506
1997
3700
4720
0332
5940
0078
9281
5304
5302
3517
8446
7483
3149
1353
4286
8116
3134
0046
3306
6091
4967
6933
1279
1250
4859
2470
4926
1732
7089
5159
9543
8443
7476
0875
8832
3148
9222
1313
4262
6408
2717
7819
5198
6999
3743
5969
5652
4037
0889
5382
6177
1761
6759
4362
7545
5599
2218
4655
0317
4700
7041
0635
5601
4059
0925
5126
0641
0023
0146
2288
0394
0272
7384
1809
2421
6707
3152
4434
4408
3270
1943
8056
8286
8096
9971
8579
8589
8778
7694
3118
9597
0578
2607
1056
0374
9092
8055
2967
8613
4773
0435
0411
1416
5972
1437
9681
2072
4342
0381
6350
2219
6568
0623
3646
7368
6488
9278
8400
6350
2192
4993
6459
8895
9479
6864
9382
1404
1547
0518
9352
0398
1517
7071
5201
9263
4306
1316
6427
7631
7252
7871
1874
3846
5109
0363
8707
2686
3070
0975
5827
5862
6335
2132
8516
2595
5288
1195
9271
2008
4481
8480
7842
7745
0152
3031
3866
1421
5470
5306
9365
4405
9426
1084
0698
1196
8952
8220
9235
2174
8819
6401
1204
2927
5496
2766
2554
2216
3469
1126
7987
7473
8343
2455
7430
8802
6168
5149
1961
1521
9070
2993
5674
8852
1338
6825
4824
1417
1838
1926
6278
6414
5532
5976
8945
2834
7489
0370
7410
3785
7654
8232
3363
8834
9540
4046
9687
6949
8111
3980
7211
1922
2173
5869
6040
1910
3938
3366
9219
2109
7409
4117
7195
0636
4811
4585
6413
6665
4756
0941
6577
1857
3770
9108
1837
6891
5428
8165
4287
8189
6414
1622
2063
0146
7998
4844
8157
7407
5616
9146
1808
9561
8103
3993
1778
8095
2956
6531
8492
1548
2946
0972
9674
0247
4908
9186
8280
9235
1411
1774
3177
3588
2893
5077
1352
9890
2227
2695
9745
7878
8859
8980
4483
5078
5455
1360
1433
5701
9341
6539
4793
1888
5647
9313
4907
6758
6174
3825
0063
5601
4974
1204
7550
4577
3002
7036
2336
6983
9115
0322
4469
1578
4108
6747
0207
8302
5458
2882
1946
6796
3804
6778
9949
7204
5521
2841
8221
8570
1161
7049
3885
8107
0891
7408
3902
0695
0536
0095
2771
9826
8565
3412
5047
7186
8002
5404
4485
0388
4286
5397
7631
2358
9616
1525
5597
4468
9757
9755
4266
3199
3764
2387
3156
1902
7380
8286
0740
8713
5732
3160
2986
1579
4058
4544
3822
9200
9103
3453
7438
0786
7233
3158
9745
3874
7914
1093
4238
1553
8601
5632
4557
4860
0623
0241
3365
9672
3335
8394
5275
2007
3290
6587
9349
3257
2309
2857
3616
7971
0781
4881
8276
2936
3695
9949
8009
8954
1831
2366
6502
6804
5687
2806
8143
2835
1513
9206
8211
0978
4411
6105
8111
4691
7269
8003
2512
9472
3491
3834
3155
0446
2011
0073
9808
6394
6702
2131
7425
8299
8847
2796
5397
3052
3353
7699
0354
4028
2022
6610
8975
5652
2649
5307
4930
9941
3145
5449
2463
9966
1031
5190
5917
8532
3631
5434
9392
3092
2529
6133
2851
2887
2308
9069
6222
3629
6104
4982
6258
3498
0232
1716
0106
8293
8800
0916
0794
9278
4431
5014
4790
8572
6654
8617
3105
0515
3230
7048
6293
7321
2006
1785
0377
0751
6774
9773
5989
9299
1874
5311
9522
9360
4017
4770
8694
4242
9990
4980
1733
2303
8475
7351
9199
9562
9624
4695
3885
6375
9448
7018
9381
6237
7508
1980
6846
5687
5402
5625
8907
9719
4874
3602
9327
7209
0334
9981
1657
0902
1078
1722
8935
5852
6059
9319
7976
9366
6697
4662
4706
0256
5370
0480
3733
9678
3039
8504
6895
0022
6458
9147
2315
0158
1657
9317
3542
8632
9913
9894
6611
9677
1945
7163
3466
7087
2299
7804
0534
9716
3780
6323
3226
9971
0083
8900
3149
7182
1370
2978
8345
9361
6316
0348
0043
5342
8035
6675
0145
2370
0373
9951
1498
9223
6204
4529
3129
7470
9652
8862
3991
8824
0376
5730
2589
9318
6602
7042
6363
0346
0003
2817
3240
1772
5055
2443
2529
2003
5048
8546
0492
9409
8993
2287
2995
0100
7452
3724
2565
6619
1583
8681
0495
4515
5255
0221
4578
5669
0834
1307
8315
6790
0291
3921
9426
3238
8250
0378
7814
6841
5223
2900
1040
3556
6466
4005
0012
9361
9757
4820
2896
5215
0755
5849
4305
9413
7970
4550
3805
5152
2367
6432
5863
7406
0721
2905
9957
1985
5150
9234
2188
7773
0338
5240
8078
2077
4022
6359
9119
8878
1073
3293
8551
0688
8023
6283
8717
3808
4862
8084
2548
7286
4684
5773
3135
8101
1834
9248
1293
9314
0365
7792
9165
0966
0856
6247
4729
0240
9358
5897
6536
4228
2844
3468
9601
9146
7107
4308
8695
5084
4173
2038
5360
6742
9139
3664
9254
5965
8171
4917
8523
6450
8825
5558
8851
3164
0114
0078
1050
1903
5671
9694
4352
6516
2713
5373
6061
6796
7393
0081
4712
5032
3671
5289
4413
8451
8198
3630
1149
1209
0892
2392
2671
7935
8831
1236
7011
0763
7467
6335
4181
4883
1065
9490
5869
6110
4239
3619
4507
7966
3564
8164
8414
7768
5820
4328
0821
7911
1532
4232
3049
5074
3469
8816
1084
9843
1094
6114
3000
8508
8083
5746
6694
6515
8193
8876
4511
3775
1159
0061
6146
2832
0477
5488
7497
1449
4810
6301
4873
0128
0127
8703
4035
5797
7480
5439
3888
6146
2404
0633
6358
8334
4007
3157
0799
6632
5283
2497
3350
4601
2109
0689
8495
5405
1082
2919
7447
8797
3855
5112
5583
7457
5149
9006
5937
0551
0246
3253
6935
5414
0351
9458
5940
2852
9194
7529
7086
1951
4650
0322
4783
3371
0537
7602
8867
9180
1612
8464
7535
2255
9029
7581
0298
8768
7429
5745
8417
5025
8189
3587
9300
7734
3950
4942
2031
0359
6393
2968
8077
2899
2625
9602
2033
8599
6696
9817
0912
7471
7453
6226
6890
1672
3181
5810
3021
6096
4806
5076
3809
3561
1211
3573
5613
6506
8327
6753
8951
6805
7561
5087
5679
6324
6786
3620
6390
2909
9588
5787
1150
1417
0043
7775
9673
9272
5254
0011
1001
6205
3511
3601
1588
9941
4361
9632
2112
6180
4097
0699
9411
2688
3677
5189
1225
7345
9411
0947
1072
4215
2024
9461
7413
1009
7757
4379
3099
9306
1548
1886
1158
9033
0887
2966
3857
2215
9941
0837
2794
0838
9156
6120
8175
7402
9998
8772
5400
6336
8957
1442
6179
6554
8801
3611
0530
8030
0750
0293
4325
6205
3851
8565
3213
7475
2061
3164
1199
2339
1708
0723
3241
4881
9230
7600
9560
8968
5083
1356
4644
1135
1473
4081
8935
2939
6098
7170
3311
6123
2473
9958
6362
5673
9918
5789
8256
4598
9715
4513
3094
6305
9788
2303
7314
2781
9273
3873
7541
1583
0521
9344
5551
7358
1353
4041
8019
0257
9003
7472
8556
9854
1131
3832
4425
0525
0535
4755
7433
9911
2114
8904
2894
1104
1402
0197
9335
7582
6813
1730
0775
2161
3068
0512
9908
2822
8363
9768
3307
3814
4632
7561
5680
4071
3935
3596
2453
5506
8519
7719
7350
1275
5811
9636
8715
9354
0734
5693
1212
8187
2042
2946
5525
1201
7343
5416
8185
3291
1898
9221
7989
0717
1823
7348
3228
0509
3293
8107
9132
8141
4454
0182
0448
2494
8003
9502
4506
2330
0060
9341
3140
6842
2849
1902
3985
7364
0539
8948
9613
4685
4837
5008
0674
4001
4631
3902
2217
7848
4859
7834
4445
4218
0687
5179
6472
7672
1106
4465
1808
1723
8000
8213
8718
2137
2885
2989
3709
7629
6202
6832
0184
0179
7429
7339
2368
9285
4149
6238
1510
5152
0680
9242
5019
1747
3809
3492
0356
0781
2428
7200
4064
4412
7520
4218
0136
4305
6327
9421
5843
6224
0320
8323
8829
1853
6375
4343
7481
5838
0378
7370
4016
2242
7723
6226
2010
5009
7309
6461
7488
7449
8407
9265
0223
7451
0299
5232
7420
9433
8249
4487
7886
9952
2927
5260
2675
2226
9436
2802
9762
5452
2189
8916
8840
1009
1733
3129
4578
2028
4436
4477
6409
6064
4775
6915
7202
0229
1382
4211
6247
7868
6292
0790
6131
6431
3529
9429
9830
8482
8726
9881
4702
7568
5042
4290
7344
2985
4007
7058
0655
2394
8863
0018
3483
3869
2435
1439
2327
9280
3714
8290
9943
7013
5713
6716
7619
2999
9375
2408
0152
4613
7385
5950
5431
4691
8973
2984
7854
2833
8034
0252
2256
4869
6388
8691
4503
0454
5113
9153
8018
7692
2931
3400
4373
6199
0411
2561
5326
0939
1265
0762
7906
3138
0589
5916
6272
1156
3195
6862
2956
0130
6494
6479
1957
1714
4607
8865
2880
3129
8373
7082
2868
9120
7636
7983
8850
1104
2386
4330
1019
7285
2822
7035
7118
0814
0552
2935
7481
7872
2462
1640
9841
1458
6763
6014
3939
0076
5233
0377
1706
7832
0258
1347
1949
6070
0537
3805
9305
6236
8845
1759
7831
1942
7730
7719
2985
3917
1724
2055
2410
9658
8333
0474
4083
2252
4862
5687
4514
1090
8738
5130
8692
3331
8582
9169
4771
5773
2570
0106
8890
9850
7394
6029
8562
4407
9260
3992
4899
8616
6896
6599
7767
2401
5697
9098
6205
4556
3820
6302
5219
9138
9184
6827
0249
9755
0485
6717
7657
2162
3865
0231
3909
8465
1503
0307
8109
1412
4721
8176
4502
2926
6727
1675
7388
4767
8190
0713
1750
5355
5994
5434
0815
7785
0728
2069
0392
6348
2131
5728
2132
6221
3876
2917
0556
4552
5627
1484
4365
3094
2896
2183
3224
2996
4807
0921
5022
6530
9762
8734
2224
0018
8023
0712
7339
4337
7248
1451
2588
4131
0831
8617
8889
8822
9937
9226
8514
8872
5592
5246
6298
0476
1911
2394
0832
1796
3971
5652
6361
1688
8930
9897
7459
8002
3235
0506
8040
1298
1520
1670
9942
6614
4320
1171
0825
4749
5729
6449
2057
7951
4999
3986
6600
5197
6568
0189
7660
3061
8034
3305
1486
2996
9755
7331
5466
6010
4055
7670
1559
5349
0564
7277
0780
6695
1585
6462
6632
8514
9424
4595
0430
1171
9356
7026
0778
5394
4196
1268
5790
0210
1217
6773
0238
2344
1754
4588
3045
4406
4635
6211
7224
6869
5566
9657
7850
6931
0280
1634
7755
3325
6363
8093
5725
9075
2722
8007
3728
7116
4820
4843
9419
6574
9153
7849
9388
0090
3080
2933
0133
4855
3289
5907
7080
3968
7536
0714
9813
9979
5618
1490
8590
5932
4540
2166
4812
8084
2004
6492
1822
9079
2425
4235
5350
0430
8813
8435
9345
7597
0976
9217
5413
4201
7286
9061
4396
6501
2689
8145
5252
2232
5820
5927
7340
1010
1365
3211
6929
8269
9118
9370
0708
7319
5491
8604
7512
2345
3318
6945
3625
1640
4808
9298
0210
4257
9108
5859
2134
9531
9978
8631
4608
3415
4139
6153
0647
5461
7193
2667
6780
1776
7031
0461
0843
1679
2759
0823
4814
9065
0447
1939
0288
0913
2679
3479
3549
6868
7241
2592
4918
5939
9645
0668
9316
1714
4492
1127
2158
6568
9856
9909
7413
8960
8763
2099
8390
8940
0963
4266
1207
8030
0335
0417
6502
8544
9121
1001
1104
0952
8916
9924
5297
4988
6874
3468
1570
5027
2315
0337
2580
2827
6328
0961
6547
9998
8534
7217
8247
2740
1151
8549
8111
3376
5484
3716
8367
9846
6294
0149
0773
1102
8607
4095
0344
1948
3596
2880
4361
1118
3103
1721
2899
3239
6035
4100
3938
0920
8666
6458
0892
2900
4105
4364
7966
8079
4178
4114
7482
8029
5974
2370
9968
2288
1741
5538
0942
8137
7464
8134
1232
0403
3406
7109
8089
2927
0464
3844
8347
2677
5040
1310
0397
7399
4103
6293
3088
3471
7833
8960
6450
9655
2730
6763
4410
7948
7811
6784
8401
9894
3207
2535
8147
9080
2962
1942
5014
1550
7533
0246
7850
1937
4308
1147
2567
6205
9142
2600
9255
9920
0711
7092
2020
7192
4675
7132
8029
0117
1600
4530
0944
8439
8443
1152
7755
3997
0648
4524
5042
9306
4141
5235
8655
3233
5587
9133
5574
0142
4901
5360
9340
0590
4886
7047
5678
0163
8886
5199
8988
2158
7543
3615
2351
8975
4112
7395
6339
0732
7506
1596
5150
2522
0313
0614
0621
5777
2691
2055
6392
3301
6018
0982
3852
4187
3721
3098
0479
7209
1851
1698
3925
3534
4836
2943
3625
2459
8782
0203
5485
4853
6814
2626
6570
9274
2579
5064
0894
4870
0964
7416
9422
8545
6238
8160
2807
6671
4407
2832
7599
3783
3047
1461
3675
5924
1600
9047
1051
3822
1403
1015
7895
4308
0430
0521
5793
3147
5277
8631
0267
5957
3663
8065
4703
3994
0549
0747
1292
3500
3640
1194
3479
4664
6268
7826
5795
2260
9433
1447
1910
3831
4471
2825
3862
9778
7003
8492
0483
7010
6934
6385
7910
3207
6514
6760
3490
1902
5465
0210
7182
5721
4159
6659
3612
2668
2650
1284
9058
9797
0969
9494
8903
1504
4667
6657
7050
2501
5168
4813
3547
6806
5290
9404
3613
0622
6354
3551
5800
6220
0992
8277
0635
0200
2136
5573
3467
4831
3210
2902
4340
9598
7656
8840
5471
4525
7483
5552
9747
0129
7009
6051
5406
2255
4875
4476
7259
6100
6782
8972
5520
9059
7323
3508
6894
1386
3425
0659
9751
5958
1287
8275
2921
2568
3635
0989
6064
5395
3949
0815
9164
3584
1581
2535
7591
9304
8433
1660
9900
9701
9771
2836
7486
3468
2662
7057
3981
1065
3916
2251
7292
6396
6160
1726
2982
8257
6784
7795
9698
8140
7316
1585
7067
8891
3675
5244
4990
2632
1290
6587
9263
5532
1842
0812
9799
9683
3432
8044
1997
5790
9112
1656
3412
4668
7507
1891
7595
9207
8659
9819
3474
5472
5367
6144
1557
1593
5618
4674
6578
5310
7048
2213
9205
6173
1146
7077
8792
6912
7458
0782
9261
3297
4091
1571
1463
2948
5268
6910
7702
1803
0601
6416
3231
8828
6636
2792
6921
0872
4845
8917
0346
8269
4949
5794
9506
1829
2938
9403
9688
0152
2152
9212
2114
4738
3630
9556
3432
1941
9596
0855
5192
7973
3552
8464
4516
3937
3177
7806
3915
2282
4779
9602
8244
2060
6992
0013
8994
4573
0368
2171
9934
3943
2789
4187
1266
9857
2210
2800
8328
4123
6457
8199
6151
1456
8358
2482
6970
7005
5016
3502
0003
3517
3962
0649
6273
8805
9329
0975
6469
6235
9150
9738
3858
9861
3435
9207
9742
5184
2106
4482
1886
5820
2980
7759
5101
5485
9398
6815
1050
3279
1709
4978
5419
4500
0696
6248
6017
9378
7608
1608
6086
9322
3753
6350
4541
5972
9516
3592
4569
7992
1109
6126
8550
5959
3373
6806
3640
6010
8445
5037
9156
4884
1075
5643
5548
6935
5634
1993
4730
2199
3801
4137
8688
4118
3499
6035
9377
4152
8170
9876
8084
6575
0723
8427
6839
4289
4096
9940
1778
5566
5828
3615
6362
6880
1335
0085
4373
9482
3253
1514
6406
3088
9689
7234
0170
4538
6012
0970
9381
4193
1032
1787
0534
4780
4592
1201
7067
4216
3037
4285
4064
0640
4186
6655
8973
4434
6400
1339
5917
3543
0136
2591
5551
5369
7473
3334
0278
6637
2007
2728
3507
1760
8607
0769
3054
6904
0884
9551
1898
2809
2160
3752
5989
7338
1639
6637
0729
0346
8028
9962
4743
0461
4620
6973
0269
3000
4078
7313
6081
3901
2991
1988
4926
1049
8362
1510
9858
9913
2729
2756
2958
3717
1724
9721
2349
0854
5406
7884
8136
0664
9081
3138
1549
2468
3929
2479
7588
0655
9294
0699
7949
7314
9372
4609
0660
5431
4330
1632
7982
2781
6081
7856
9580
0874
3913
1070
6414
7163
4626
8832
1813
9601
3374
5787
8919
0064
7987
5911
8141
8316
7522
2783
3193
8941
0423
4103
3628
2799
4887
3468
0576
2719
1682
0558
4889
7136
9268
5543
6353
8604
0358
2383
3492
3222
3358
8558
3372
5793
3288
9348
9749
6441
8203
5910
9393
3890
3770
8339
5327
5559
2135
0850
8683
8823
3328
8629
9847
0762
9059
8099
6943
9813
6357
2642
3663
3657
3076
8146
8980
3485
3918
7745
3996
5238
6821
1061
4488
2488
9157
0190
7511
2999
8404
8116
0489
6097
2286
6261
1039
0056
1634
5454
0768
7638
1035
4026
6919
5851
1436
2798
4770
5125
4871
8865
2610
2472
3616
2417
4315
8305
5275
9241
3233
1641
7996
8493
7140
1317
3346
2471
0297
1371
1707
0730
5015
4524
8607
4995
6588
1370
7567
6845
0170
8883
4495
2571
4059
3910
1949
3252
2332
5783
9732
3451
4132
7065
5025
4405
1380
1259
8891
5927
5576
1071
8232
8594
8443
2211
7817
6487
8785
6441
4299
4149
1143
9880
6513
5526
3390
0287
2975
1308
6199
8710
4418
7106
8764
2602
5666
7952
7839
9097
8294
4256
6994
4390
6152
9494
2455
9492
9675
9118
6308
1191
6796
7321
9405
5748
9825
5350
6135
8770
0781
6106
0843
3066
0834
7673
0168
6223
5899
0621
8648
9717
9145
2708
0144
5587
0763
2901
6556
1439
4190
7949
9730
4148
8941
2850
9383
9370
7664
5629
3887
5930
0819
4748
1719
7712
2307
9009
0139
5710
5187
0219
0411
7350
7859
6678
9663
7569
1292
9216
7530
3218
0399
5842
7936
0019
5119
6714
9051
4898
5089
1154
9924
9279
5490
5828
5117
5772
8584
7637
9621
6975
0267
3930
3149
1760
6537
2283
6524
2542
8187
4286
4096
8966
0584
1486
9446
6290
5976
0682
9701
2525
3688
2240
4576
1723
6800
1637
6272
5146
5095
0039
7687
4587
7186
6463
3600
8085
2751
9088
8061
6915
2186
9598
3123
8998
0168
2745
6401
9260
4491
9846
0984
4581
0504
4507
1021
8436
5621
1788
3990
0324
6311
0502
3890
9929
6186
4334
5978
9470
2278
9431
0386
9302
2329
3117
4637
4615
9065
6851
9953
0279
9482
5840
3241
0629
0690
8915
6752
8267
8547
4216
5498
9927
3898
6099
5920
0338
0988
6235
6987
3057
6189
3791
5196
2954
4570
0603
0146
7781
1533
6700
9606
2405
0474
4064
3799
0545
5237
8135
7185
1503
6525
6336
2250
0139
2734
3483
4127
9359
9581
2795
6413
8820
2395
0162
7502
4734
4602
7769
5569
9323
5994
9526
5299
9856
8465
8625
9004
8028
3161
5401
3261
2117
8766
3378
2797
6248
0323
7604
9872
6310
9487
1435
4810
1411
9301
4814
2446
4417
7644
5674
8795
5185
0030
4942
1781
0783
1876
4305
7446
7328
9727
0410
1564
5111
0029
3470
6807
8233
7040
6440
0154
5473
9442
6205
3857
0518
6972
8620
3181
5649
6764
0581
6588
4943
0134
8188
9028
0711
3229
8987
0779
8334
3851
6497
4328
6475
7974
3473
6128
8933
2648
3951
7426
2419
8640
3342
5306
2052
4087
7381
7704
3143
7641
2455
0786
1165
5584
8415
5747
2126
2946
0182
5121
2051
8831
1328
4863
9438
5283
7953
4162
7156
4231
4979
8282
2010
2793
2234
2481
8579
2701
7677
9700
0480
6882
3150
4062
0572
7381
7869
0808
3039
0728
2220
9971
0829
2174
4954
1249
8318
1024
2968
5753
1563
1226
2134
2347
2137
5160
3314
4770
0607
8308
6465
7466
8349
9353
9750
8009
9223
6208
8948
2821
7588
0382
7621
2581
8562
0350
4714
1080
9167
6048
4325
3524
7623
7076
1116
1762
0880
0888
5662
2799
2461
1896
5229
6377
7902
7174
4593
3162
6869
1102
5776
4546
5491
4651
1754
1095
0239
8770
4679
0245
3345
6125
2366
7335
3755
6593
6552
2035
4051
5637
8573
6202
2047
5960
1909
4545
2987
9521
6783
3442
2575
8336
0866
0371
6600
7945
2600
3109
3655
0167
9322
0939
1989
1536
0482
2424
5512
5731
0214
5106
4028
2507
5023
3714
8173
0903
8750
3289
3073
4403
0394
2141
1947
8599
3873
5055
9125
9113
3671
4671
4392
1261
9886
1157
2727
4659
6698
6118
8762
8536
8882
4707
6167
6074
5617
6952
2211
5428
7368
9461
2523
0982
7736
2862
7550
1889
8373
0118
9136
3690
1568
5823
5418
4338
4307
0973
5622
5001
6731
2594
0392
8308
8023
8072
0123
5972
9579
5113
6183
8548
6450
2282
5083
4176
6972
6586
8531
2546
4079
6307
2270
8528
7941
8473
4892
7754
4479
0678
3109
0412
8216
9349
7495
1027
2396
8919
7869
5249
5928
9443
0603
6749
1309
2246
4622
8655
2520
8583
8758
7980
9989
5990
8810
8244
8469
2174
1308
9490
0634
4136
8977
6288
2519
2441
9399
8755
8031
1860
0105
5113
0812
9804
0600
5444
6029
1198
6585
0507
4955
7301
2189
4466
6331
8710
4974
4058
5524
6643
5306
2846
6548
4625
0101
4193
8707
5599
4989
4621
0018
3173
7840
3707
6002
6474
5689
3532
9425
7103
0441
2666
8452
5899
7941
7762
3236
4558
0375
2011
6485
5075
7905
6215
0268
7964
4999
3593
5279
5514
6488
7909
4572
2671
1109
3680
3557
2112
9737
0143
0344
4657
3257
0149
8175
9213
6541
0532
6413
6278
8893
5218
1096
7008
3628
5053
8260
6698
2990
2905
8589
3413
1202
9638
4860
9831
2371
3859
4444
9656
5659
7160
6967
1416
5769
4673
2948
7516
1712
7503
8751
2585
6972
4120
0927
9996
0916
7405
7313
6061
3132
5376
8108
3459
5485
7922
7762
8150
0621
8844
1538
1161
7160
3709
0274
5893
9880
6529
9069
8484
2384
8968
1948
7462
6469
3471
5633
0082
8657
6258
3358
4726
4071
7292
9437
0919
7132
1993
5128
8588
1311
8700
2431
5028
4633
5414
2911
8224
7266
4289
9364
5177
0833
9758
7625
8158
2001
9542
0613
1632
6781
2931
4101
6789
2558
5251
8220
4665
5090
7657
8785
2413
2903
9471
7833
1987
2649
0848
2907
4388
6089
5827
1149
9914
4427
0082
9225
8455
1677
5264
8536
4280
0443
2545
3041
5016
2639
2508
3279
7513
5060
1053
9916
4337
4018
0265
6107
3968
9373
7982
4106
2905
1196
1236
8363
2954
7099
4460
0513
0280
7041
3430
4505
1625
7534
4262
6771
7754
0637
2645
9118
7375
0029
4250
9649
1505
3293
9869
9778
3342
0829
7087
2809
9501
6354
9594
0378
7641
5039
5277
6468
9266
7278
4762
4679
0979
2124
0952
9491
0912
4793
7073
8666
2449
9854
5963
7095
0566
3201
8739
7722
0789
0036
3566
5489
8032
7539
8498
8247
6647
9857
8319
9298
0317
6863
2857
7856
3393
5308
0437
4112
6892
2774
3331
1721
4471
2866
1654
3399
4405
8976
4113
7034
5653
1684
5626
6471
8673
1660
5245
5910
0245
3844
6110
1189
4929
6044
6653
5292
7156
2727
9213
8325
2227
6861
3311
9943
9183
5434
3759
4814
4884
0474
6333
4187
3632
6572
7043
9471
4961
1998
1660
6566
6685
9882
9885
1804
7695
5097
4626
1849
1864
9989
8063
0764
4078
4927
7995
7231
9293
5125
6624
7915
0333
7071
9730
7234
4965
5620
8153
3659
9234
5011
7960
8880
3304
4931
9926
0971
1759
7945
1109
6836
4331
9949
1689
9295
9413
5864
4933
8197
7956
2166
5167
0366
3471
6448
8730
0720
4688
5101
2569
9673
6351
0898
2240
0803
8994
7157
2599
7643
9546
9422
2672
4104
0606
1452
6728
6322
8930
4309
5812
2889
8263
8534
1181
7058
8461
1799
9645
7641
7493
7635
3481
3798
7414
6501
7504
5629
3326
7913
3607
4041
2679
2516
7016
5908
6962
2252
5327
9738
7882
5973
0685
6312
7278
8237
5616
9879
0835
1600
8384
0569
7082
4537
4419
5650
7417
7859
7409
0052
5358
2101
7082
0484
5605
6474
0323
6419
5762
0933
2757
6062
4726
5680
1550
7899
5828
1031
3484
9033
9788
9393
0307
6260
6797
8830
3265
5272
7619
1791
7955
8454
4779
6806
4814
8400
6528
6433
6941
6031
1448
7970
5431
1229
4614
8168
5283
5173
7992
4397
0056
2149
0567
7577
9276
1261
2466
8391
3712
8271
8019
7410
1895
8086
3330
0464
4218
2596
5121
5555
0153
8240
0577
5982
8357
4131
9122
9782
4378
0695
3845
0011
4726
4087
0762
1248
6612
7599
2656
2782
7915
3080
1788
0247
6059
6579
6530
7065
0094
9285
7063
8473
8194
3828
8167
6200
9399
5154
1463
3165
8199
5990
7872
4917
0032
2815
7168
9686
8382
8526
3678
8532
0966
4083
6291
1769
0584
8048
9831
3147
7504
3449
6410
4609
0222
8203
9341
5000
6344
7732
1137
6282
0246
2133
9780
6863
2430
6900
9309
1203
8895
3112
6577
9698
8026
3525
7956
4582
9774
7023
7642
4237
9446
5998
1858
3195
4870
8323
6179
0874
6529
1911
4265
8391
1738
0341
2525
6969
7677
7705
6444
0393
6738
3732
6208
7509
1265
6491
2886
8498
1997
0769
9193
8724
2404
1172
3151
6785
8666
6454
6864
7623
9918
9317
2865
1112
4731
6604
4728
6496
1040
2260
6263
9057
2471
2578
5596
5190
0235
4680
8548
8165
3414
3725
7026
2937
8478
3216
2334
7034
6074
8430
7808
5342
9997
0677
8043
9788
4995
8820
1166
4724
4306
1351
9395
6501
2222
0195
0090
2495
2767
2353
9053
3232
3767
8457
9876
5796
3781
9357
5979
9843
2166
7262
2516
7781
6474
0052
6619
8452
5209
5708
1345
5453
1878
0296
0023
6912
2749
5370
5650
6752
7524
6058
3474
0875
0061
9834
0877
3696
6122
5126
4860
1607
7356
1944
6181
1684
3795
6308
7582
1908
8587
2413
8293
2418
3861
2417
7557
1799
2764
5091
2662
1258
2773
7554
4870
0035
0102
3508
0596
5998
1584
9885
8512
1333
6485
5101
6105
6824
5150
2115
5723
5429
0710
7460
0757
6184
6087
3190
8694
9853
7112
1301
7777
4139
4318
7211
4802
8408
7595
6176
9714
1263
6435
3135
3009
3706
7792
2485
6007
3490
3243
7933
2065
9493
0631
1794
2107
7570
7337
6488
9773
5697
4165
2793
3405
3351
0540
8752
7408
5920
7650
9626
3348
4872
9726
4261
6877
2441
4335
6391
0394
6722
3660
4300
8091
5761
2317
6983
4818
6454
9086
0823
5003
2890
3260
6444
9475
5001
9584
7440
8709
8443
6454
0213
1763
5583
2721
9337
4662
4687
2121
7203
5570
5659
6385
3351
2317
8180
1926
7845
2833
5391
1971
2306
2267
2135
3280
9735
7050
7710
6307
1076
8913
7187
8861
7677
9898
4440
0578
3063
6027
8290
2843
5422
1896
5021
9078
4229
2565
7941
1552
3850
4056
5258
9539
9305
2964
9126
0730
9892
7151
3758
2435
4243
6939
6360
3087
2035
8099
0876
5566
5661
0741
2646
3746
8386
8050
9652
9444
0481
4337
6717
5373
7519
5553
3630
1547
6402
5535
7247
2132
7642
7102
0017
7681
3029
7214
8247
3609
7791
9130
8401
7495
5582
2785
3973
5332
9939
3030
2449
9620
6126
6882
1672
4488
7375
7499
8500
9314
7556
0735
5802
3929
1971
3020
8641
5478
0496
6362
1540
0389
6695
5444
3274
3951
6672
0737
5682
6216
8028
4396
0666
3911
2603
0579
9790
7166
6097
6278
5882
8082
4610
8763
9315
9592
4079
0000
5745
0007
2592
0561
3949
0087
2363
3443
1810
7461
6119
9482
1795
6875
6265
0902
4243
3779
2370
8591
2478
1276
7973
6100
1940
8985
9407
3314
7830
5277
0233
2822
2645
0710
8294
1831
9610
9226
1826
0292
7851
7555
4993
5202
3579
7762
5944
9253
6911
8544
7206
3392
6906
1374
1889
8820
4414
6273
7895
0379
1319
6030
1803
9595
0280
2205
4638
0746
5711
9860
4732
9624
6150
5933
4111
1651
5299
0112
4806
3585
3157
8310
8296
7879
5906
0666
7603
2263
1666
6058
3309
3012
6628
0966
6937
0654
8192
0642
8025
4692
2803
8262
9988
5113
5952
3410
8221
1922
2542
5105
0324
4376
9340
2205
9990
1937
4374
4184
4803
7436
2623
3874
9958
2191
3481
0002
7961
8710
0686
6517
6332
0519
5758
5499
1664
9318
2722
2744
5742
4369
6172
7448
1869
4233
0695
8176
7341
4500
8387
8211
7625
7809
1181
8697
4064
7411
4945
1836
5741
9447
4917
1757
7756
7403
8239
8451
3056
0076
9922
1726
0899
1609
7877
5578
4300
1269
4867
1962
8963
8424
0483
4442
7000
8605
8445
3550
3382
5238
7035
2311
3481
5219
7975
1581
8462
1986
8849
1349
7226
1885
9860
0371
8452
4803
0728
2595
7633
7118
5410
1157
3614
8185
4177
6120
2895
3954
8918
9035
9368
2235
3745
0317
4976
4098
9990
2368
3345
5265
1903
4585
5720
9227
9470
7843
6218
8825
4778
0549
0025
8539
3865
8510
9951
8839
9712
9221
2162
7040
9221
8885
9368
4506
1663
6773
6401
5275
0657
4236
6090
3453
5786
3136
6746
6123
9803
2153
6613
1737
0248
7263
2696
9424
2348
5933
6658
2568
6302
1611
7190
1243
5885
6751
8788
8723
7836
8071
4809
9713
3029
3388
4286
8210
6004
4961
7850
4417
2931
6547
7980
0562
4719
9946
0324
1397
4623
1137
5266
4134
6737
5354
1072
2621
7229
2280
8038
1294
7084
4500
1371
8302
9017
8852
0314
0287
7750
3285
3305
7999
8901
6910
9044
5197
7181
3109
3070
4031
6547
8466
4905
1250
2614
4876
2179
0617
4695
1767
6735
2548
1498
5643
9148
9352
4119
0410
8656
9167
0561
3983
9132
2710
6486
5657
4905
8456
5199
4073
4051
5844
5438
0861
4288
0949
7551
0231
8776
3715
7754
0303
0450
7206
9878
1278
0802
2578
0281
3890
2702
6013
2359
4332
0690
0199
1781
5574
4340
2105
4629
0639
8359
6178
8488
6994
8752
6884
5183
2535
6649
8400
4602
1173
5133
5759
6386
0257
3498
6640
6083
9470
9733
6110
6177
5556
7972
7745
5881
9592
5681
1402
1953
0814
4922
2257
7220
4236
5152
7656
2894
5781
2226
5031
0429
7799
1451
1772
4869
5621
1164
1062
9666
7649
7213
0258
3654
7191
7815
5581
2944
6703
6434
1601
9182
4385
5737
2456
9321
3557
5557
7671
2889
0652
1285
4329
1792
5370
2784
8731
1817
1813
4704
7248
6563
3389
0311
4525
9257
5162
3912
3078
4660
5006
7553
8372
5790
2025
6767
8528
7432
5291
3818
3457
6651
5650
3093
7839
4789
2817
7025
6110
0020
3911
2724
8590
0845
5677
2986
4780
1771
7491
1496
8010
1161
2996
2317
7485
0508
5769
2545
7318
4979
2708
3313
0360
3825
3395
2873
6696
1891
0753
3843
4469
6483
8252
2923
8797
1299
7633
8521
4342
9835
4052
9252
7699
0092
3434
6984
6464
7495
5652
0399
1337
7847
8131
2749
1658
3288
1359
8539
2401
9164
0076
2741
7383
6353
7960
6829
1006
5562
0266
9052
5344
8291
5710
6130
3585
5504
0460
5573
9497
8466
6946
6633
5185
4875
6479
1681
5725
9792
7372
4228
6081
1031
9673
9152
8190
6446
5158
2103
